Random BST size vs. height (Insertion)
----------------------------------------
99 14
199 16
299 17
394 19
489 20
579 20
669 21
757 21
851 21
941 22
1032 22
1121 22
1204 22
1294 23
1376 23
1459 24
1539 24
1622 24
1708 24
1794 25
1876 25
1952 25
2025 25
2105 25
2181 25
2258 25
2339 25
2412 25
2482 25
2561 25
2628 25
2699 25
2765 25
2833 25
2903 25
2973 26
3044 26
3110 26
3177 26
3238 27
3299 27
3372 27
3432 27
3500 27
3570 27
3634 27
3693 27
3751 27
3813 27
3877 27
3939 27
4000 27
4056 27
4116 27
4173 27
4234 27
4289 27
4344 27
4398 27
4463 27
4504 27
4562 27
4611 27
4663 27
4708 27
4761 27
4808 27
4858 27
4905 27
4954 27
5005 27
5052 27
5096 27
5157 27
5205 27
5246 27
5293 27
5339 27
5378 27
5424 27
5465 27
5510 27
5560 27
5610 27
5660 28
5707 28
5741 28
5783 28
5830 28
5871 28
5916 28
5951 28
5996 28
6027 28
6061 28
6096 28
6133 28
6163 28
6203 28
6242 28

Random BST size vs. height (Deletion)
----------------------------------------
6143 28
6043 28
5944 28
5846 28
5751 28
5653 28
5560 28
5469 28
5379 28
5287 28
5195 28
5110 28
5025 28
4939 28
4854 28
4764 28
4674 28
4586 28
4503 28
4420 28
4338 27
4255 27
4175 26
4100 26
4028 26
3950 26
3872 26
3807 26
3739 26
3658 26
3578 26
3500 26
3430 26
3362 26
3288 26
3225 26
3161 26
3090 26
3019 26
2955 26
2889 25
2823 25
2760 25
2707 25
2648 25
2584 25
2530 25
2469 25
2407 25
2343 25
2295 25
2238 25
2182 25
2119 25
2057 24
1995 24
1939 24
1882 24
1823 24
1769 24
1721 24
1655 24
1606 24
1552 24
1505 24
1452 23
1408 23
1359 23
1312 22
1270 22
1226 22
1190 22
1146 22
1103 22
1052 22
1011 22
965 22
922 22
880 22
829 22
787 22
742 22
686 22
635 21
593 21
547 21
501 21
461 21
428 20
389 19
349 18
316 18
268 16
225 16
188 16
147 15
114 14
79 14
41 12
0 0